0	2.7754693031311035
1	2.7725775241851807
2	2.7717809677124023
3	2.771577835083008
4	2.770798683166504
5	2.77082896232605
6	2.7685444355010986
7	2.762885093688965
8	2.75199031829834
9	2.732147216796875
10	2.7029130458831787
11	2.6614983081817627
12	2.6249048709869385
13	2.591029405593872
14	2.5717170238494873
15	2.5422282218933105
16	2.5257437229156494
17	2.5088725090026855
18	2.493171215057373
19	2.4769535064697266
20	2.4637274742126465
21	2.456174373626709
22	2.437167167663574
23	2.4236843585968018
24	2.417266368865967
25	2.4000203609466553
26	2.387636184692383
27	2.371457576751709
28	2.366842031478882
29	2.357747793197632
30	2.346480369567871
31	2.337416410446167
32	2.32296085357666
33	2.3099653720855713
34	2.29660964012146
35	2.2884411811828613
36	2.274994134902954
37	2.2578928470611572
38	2.2499539852142334
39	2.2322471141815186
40	2.222963809967041
41	2.2148051261901855
42	2.2009198665618896
43	2.186734676361084
44	2.176440477371216
45	2.1631712913513184
46	2.1577494144439697
47	2.1437270641326904
48	2.12233304977417
49	2.1103732585906982
50	2.104496479034424
51	2.081310749053955
52	2.071423292160034
53	2.065225839614868
54	2.054415702819824
55	2.0320301055908203
56	2.0191943645477295
57	2.010044813156128
58	2.002584218978882
59	1.9967029094696045
60	1.9788869619369507
61	1.9646457433700562
62	1.951386570930481
63	1.9419207572937012
64	1.9330545663833618
65	1.9245778322219849
66	1.9085415601730347
67	1.901342511177063
68	1.8914004564285278
69	1.882140874862671
70	1.8663464784622192
71	1.8643271923065186
72	1.8547775745391846
73	1.8407400846481323
74	1.8371859788894653
75	1.8128043413162231
76	1.811264157295227
77	1.8045001029968262
78	1.800492525100708
79	1.7813842296600342
80	1.7774754762649536
81	1.7718833684921265
82	1.7701269388198853
83	1.7571576833724976
84	1.7455933094024658
85	1.7426550388336182
86	1.7362775802612305
87	1.7347897291183472
88	1.719979166984558
89	1.715357780456543
90	1.705496907234192
91	1.7022430896759033
92	1.6959303617477417
93	1.6889896392822266
94	1.6788140535354614
95	1.6734877824783325
96	1.6741178035736084
97	1.6589802503585815
98	1.6579480171203613
99	1.651973843574524
100	1.6404496431350708
101	1.6379073858261108
102	1.6316330432891846
103	1.6283224821090698
104	1.6219699382781982
105	1.6198471784591675
106	1.6101421117782593
107	1.606842279434204
108	1.6106197834014893
109	1.6016271114349365
110	1.59394371509552
111	1.5869555473327637
112	1.5804940462112427
113	1.5785026550292969
114	1.5813032388687134
115	1.570424199104309
116	1.5620512962341309
117	1.5648101568222046
118	1.5573512315750122
119	1.5534335374832153
120	1.5656274557113647
121	1.5530169010162354
122	1.554638385772705
123	1.539703130722046
124	1.5366240739822388
125	1.5327751636505127
126	1.5242185592651367
127	1.5306826829910278
128	1.520731806755066
129	1.5145946741104126
130	1.518671989440918
131	1.5190496444702148
132	1.5125688314437866
133	1.5027087926864624
134	1.5079734325408936
135	1.500659465789795
136	1.4937692880630493
137	1.493169903755188
138	1.4895108938217163
139	1.4833415746688843
140	1.4873250722885132
141	1.485622763633728
142	1.4764972925186157
143	1.4746179580688477
144	1.473917841911316
145	1.4676955938339233
146	1.4675896167755127
147	1.4614471197128296
148	1.4608423709869385
149	1.4626688957214355
150	1.4540870189666748
151	1.4528735876083374
152	1.4527405500411987
153	1.4472512006759644
154	1.4479929208755493
155	1.451595425605774
156	1.4375158548355103
157	1.4466441869735718
158	1.439490795135498
159	1.4316788911819458
160	1.4457178115844727
161	1.432130217552185
162	1.4242768287658691
163	1.4296520948410034
164	1.4244420528411865
165	1.4175124168395996
166	1.4209076166152954
167	1.4159375429153442
168	1.412642002105713
169	1.4095691442489624
170	1.408076286315918
171	1.405863642692566
172	1.4013868570327759
173	1.3976728916168213
174	1.3983896970748901
175	1.3996844291687012
176	1.3926525115966797
177	1.4020344018936157
178	1.400412917137146
179	1.3900659084320068
180	1.3967393636703491
181	1.3883575201034546
182	1.39171302318573
183	1.3734023571014404
184	1.3960692882537842
185	1.37531316280365
186	1.372451901435852
187	1.3733551502227783
188	1.3751314878463745
189	1.3679370880126953
190	1.3782107830047607
191	1.3643126487731934
192	1.3708751201629639
193	1.3709968328475952
194	1.3579961061477661
195	1.3609199523925781
196	1.3658901453018188
197	1.3642299175262451
198	1.3631869554519653
199	1.3544431924819946
200	1.3487040996551514
201	1.3557072877883911
202	1.344705581665039
203	1.3385380506515503
204	1.3441702127456665
205	1.3480802774429321
206	1.3420937061309814
207	1.3486112356185913
208	1.3390463590621948
209	1.3359994888305664
210	1.3347420692443848
211	1.3395655155181885
212	1.3267040252685547
213	1.3288977146148682
214	1.3392268419265747
215	1.3237254619598389
216	1.328270673751831
217	1.3239736557006836
218	1.3225154876708984
219	1.3227709531784058
220	1.3240920305252075
221	1.3137099742889404
222	1.3214951753616333
223	1.3206826448440552
224	1.312181830406189
225	1.3139338493347168
226	1.302495002746582
227	1.310411810874939
228	1.3120754957199097
229	1.3198109865188599
230	1.3116068840026855
231	1.3174322843551636
232	1.3241592645645142
233	1.3170689344406128
234	1.3036543130874634
235	1.2946178913116455
236	1.2981088161468506
237	1.2961329221725464
238	1.2964144945144653
239	1.2928580045700073
240	1.2901729345321655
241	1.2855578660964966
242	1.285869836807251
243	1.287008285522461
244	1.2805964946746826
245	1.2843815088272095
246	1.2866240739822388
247	1.2762596607208252
248	1.2870961427688599
249	1.2739877700805664
250	1.2836073637008667
251	1.2735730409622192
252	1.2734622955322266
253	1.2746829986572266
254	1.2678124904632568
255	1.2731188535690308
256	1.2720603942871094
257	1.2668018341064453
258	1.2701499462127686
259	1.2636891603469849
260	1.2600327730178833
261	1.2673041820526123
262	1.2639576196670532
263	1.2679486274719238
264	1.265353798866272
265	1.2719532251358032
266	1.2603288888931274
267	1.2606778144836426
268	1.2522060871124268
269	1.2561850547790527
270	1.2792867422103882
271	1.258880615234375
272	1.2586148977279663
273	1.2435020208358765
274	1.248216152191162
275	1.253109335899353
276	1.2426972389221191
277	1.244936227798462
278	1.2529659271240234
279	1.2370316982269287
280	1.2458280324935913
281	1.2374670505523682
282	1.2344855070114136
283	1.2392692565917969
284	1.2421085834503174
285	1.232334852218628
286	1.2385213375091553
287	1.251937747001648
288	1.233359456062317
289	1.2331687211990356
290	1.2400785684585571
291	1.233937382698059
292	1.2279106378555298
293	1.2273553609848022
294	1.2262918949127197
295	1.2221314907073975
296	1.2276324033737183
297	1.2255650758743286
298	1.2218776941299438
299	1.2340929508209229
300	1.2282402515411377
301	1.2202177047729492
302	1.2290414571762085
303	1.2178133726119995
304	1.2178643941879272
305	1.2217422723770142
306	1.2170158624649048
307	1.2127934694290161
308	1.2156695127487183
309	1.2103992700576782
310	1.2135467529296875
311	1.214780330657959
312	1.2050230503082275
313	1.210456371307373
314	1.2041878700256348
315	1.2008551359176636
316	1.2011640071868896
317	1.2016385793685913
318	1.2054307460784912
319	1.1930363178253174
320	1.2060672044754028
321	1.2007744312286377
322	1.2131080627441406
323	1.205696940422058
324	1.1960351467132568
325	1.1946922540664673
326	1.1951247453689575
327	1.1894099712371826
