0	0.06212500110268593
1	0.06650000065565109
2	0.07312499731779099
3	0.08287499845027924
4	0.0885000005364418
5	0.09799999743700027
6	0.09962499886751175
7	0.11437500268220901
8	0.11962500214576721
9	0.1264999955892563
10	0.13300000131130219
11	0.13437500596046448
12	0.1457500010728836
13	0.13950000703334808
14	0.14274999499320984
15	0.15000000596046448
16	0.14749999344348907
17	0.15037499368190765
18	0.15299999713897705
19	0.15337499976158142
20	0.15649999678134918
21	0.15850000083446503
22	0.16374999284744263
23	0.16750000417232513
24	0.16962499916553497
25	0.16762499511241913
26	0.1720000058412552
27	0.1770000010728836
28	0.17937499284744263
29	0.17800000309944153
30	0.1914999932050705
31	0.18324999511241913
32	0.1811250001192093
33	0.18574999272823334
34	0.1927500069141388
35	0.19075000286102295
36	0.19312499463558197
37	0.1967500001192093
38	0.20524999499320984
39	0.2070000022649765
40	0.21674999594688416
41	0.2172500044107437
42	0.21649999916553497
43	0.22075000405311584
44	0.2214999943971634
45	0.22112500667572021
46	0.2328750044107437
47	0.2316250056028366
48	0.24112500250339508
49	0.250124990940094
50	0.24762499332427979
51	0.2523750066757202
52	0.2566249966621399
53	0.2603749930858612
54	0.2642500102519989
55	0.2722499966621399
56	0.2722499966621399
57	0.2772499918937683
58	0.27950000762939453
59	0.2867499887943268
60	0.2847500145435333
61	0.28349998593330383
62	0.296999990940094
63	0.2955000102519989
64	0.29737499356269836
65	0.2983750104904175
66	0.3032500147819519
67	0.30637499690055847
68	0.3098750114440918
69	0.31575000286102295
70	0.31587499380111694
71	0.3336249887943268
72	0.32199999690055847
73	0.31812500953674316
74	0.33262500166893005
75	0.32624998688697815
76	0.3305000066757202
77	0.3306249976158142
78	0.3388749957084656
79	0.3425000011920929
80	0.3449999988079071
81	0.34162500500679016
82	0.3421249985694885
83	0.34200000762939453
84	0.3412500023841858
85	0.34850001335144043
86	0.35987499356269836
87	0.36000001430511475
88	0.36387500166893005
89	0.36375001072883606
90	0.35887500643730164
91	0.35612499713897705
92	0.35975000262260437
93	0.36800000071525574
94	0.36412501335144043
95	0.37825000286102295
96	0.37450000643730164
97	0.3725000023841858
98	0.3777500092983246
99	0.37062498927116394
100	0.3792499899864197
101	0.3856250047683716
102	0.3831250071525574
103	0.3788749873638153
104	0.38600000739097595
105	0.3816249966621399
106	0.3798750042915344
107	0.3892500102519989
108	0.39012500643730164
109	0.39262500405311584
110	0.3922500014305115
111	0.39250001311302185
112	0.39500001072883606
113	0.3936249911785126
114	0.40037500858306885
115	0.4021250009536743
116	0.39387500286102295
117	0.398250013589859
118	0.40312498807907104
119	0.40037500858306885
120	0.4027499854564667
121	0.4050000011920929
122	0.4051249921321869
123	0.40575000643730164
124	0.40049999952316284
125	0.41475000977516174
126	0.4092499911785126
127	0.40849998593330383
128	0.40700000524520874
129	0.4099999964237213
130	0.4091250002384186
131	0.41200000047683716
132	0.4115000069141388
133	0.4128749966621399
134	0.4246250092983246
135	0.41200000047683716
136	0.4192500114440918
137	0.4194999933242798
138	0.4246250092983246
139	0.4156250059604645
140	0.4182499945163727
141	0.42524999380111694
142	0.4230000078678131
143	0.4259999990463257
144	0.42387500405311584
145	0.4221250116825104
146	0.4273749887943268
147	0.429625004529953
148	0.4311249852180481
149	0.4345000088214874
150	0.42149999737739563
151	0.4312500059604645
152	0.4281249940395355
153	0.4247500002384186
154	0.43437498807907104
155	0.43187499046325684
156	0.43812501430511475
157	0.4345000088214874
158	0.43662500381469727
159	0.4347499907016754
160	0.4377500116825104
161	0.44062501192092896
162	0.43962499499320984
163	0.4413749873638153
164	0.4411250054836273
165	0.44725000858306885
166	0.4348750114440918
167	0.4345000088214874
168	0.44749999046325684
169	0.4423750042915344
170	0.4404999911785126
171	0.4423750042915344
172	0.4411250054836273
173	0.445374995470047
174	0.4426249861717224
175	0.44725000858306885
176	0.44850000739097595
177	0.4516249895095825
178	0.44999998807907104
179	0.45212501287460327
180	0.4492500126361847
181	0.45112499594688416
182	0.4542500078678131
183	0.4488750100135803
184	0.4465000033378601
185	0.45137500762939453
186	0.4533750116825104
187	0.4557499885559082
188	0.45887500047683716
189	0.4505000114440918
190	0.453249990940094
191	0.4517500102519989
192	0.4573749899864197
193	0.45262500643730164
194	0.4476250112056732
195	0.46175000071525574
196	0.4672499895095825
197	0.4556249976158142
198	0.4517500102519989
199	0.45887500047683716
200	0.4566250145435333
201	0.460750013589859
202	0.4583750069141388
203	0.4634999930858612
204	0.4673750102519989
205	0.46312499046325684
206	0.46537500619888306
207	0.46662500500679016
208	0.4569999873638153
209	0.45925000309944153
210	0.4622499942779541
211	0.4650000035762787
212	0.4658749997615814
213	0.47062501311302185
214	0.46562498807907104
215	0.4623749852180481
216	0.4768750071525574
217	0.4717499911785126
218	0.46799999475479126
219	0.47099998593330383
220	0.47075000405311584
221	0.46825000643730164
222	0.47087499499320984
223	0.4728749990463257
224	0.468625009059906
225	0.4711250066757202
226	0.47562500834465027
227	0.4791249930858612
228	0.47587499022483826
229	0.4633750021457672
230	0.4741249978542328
231	0.4740000069141388
232	0.4752500057220459
233	0.4754999876022339
234	0.47487500309944153
235	0.47712498903274536
236	0.4801250100135803
237	0.47699999809265137
238	0.4754999876022339
239	0.47587499022483826
240	0.476624995470047
241	0.48225000500679016
242	0.4729999899864197
243	0.48237499594688416
244	0.4831250011920929
245	0.47612500190734863
246	0.4742499887943268
247	0.4673750102519989
248	0.48124998807907104
249	0.48337501287460327
250	0.48387500643730164
251	0.4676249921321869
252	0.4827499985694885
253	0.47749999165534973
254	0.4867500066757202
255	0.4807499945163727
256	0.4856249988079071
257	0.48225000500679016
258	0.48387500643730164
259	0.4816249907016754
260	0.4857499897480011
261	0.4869999885559082
262	0.47874999046325684
263	0.4945000112056732
264	0.48774999380111694
265	0.48362499475479126
266	0.48399999737739563
267	0.4897499978542328
268	0.4884999990463257
269	0.492000013589859
270	0.4881249964237213
271	0.48899999260902405
272	0.4886249899864197
273	0.4881249964237213
274	0.484499990940094
275	0.4883750081062317
276	0.49287500977516174
277	0.4873749911785126
278	0.49162501096725464
279	0.49412500858306885
280	0.4937500059604645
281	0.4872500002384186
282	0.4933750033378601
283	0.4918749928474426
284	0.49662500619888306
285	0.4932500123977661
286	0.48237499594688416
287	0.4947499930858612
288	0.4881249964237213
289	0.4963749945163727
290	0.49412500858306885
291	0.49024999141693115
292	0.4898749887943268
293	0.499875009059906
294	0.5022500157356262
295	0.4997499883174896
296	0.5028749704360962
297	0.5005000233650208
298	0.4971249997615814
299	0.49562498927116394
300	0.5013750195503235
301	0.500124990940094
302	0.49125000834465027
303	0.4984999895095825
304	0.5008749961853027
305	0.49175000190734863
306	0.5034999847412109
307	0.5017499923706055
308	0.49924999475479126
309	0.5107499957084656
310	0.5102499723434448
311	0.5009999871253967
312	0.5033749938011169
313	0.5063750147819519
314	0.5016250014305115
315	0.5009999871253967
316	0.5055000185966492
317	0.5008749961853027
318	0.5084999799728394
319	0.5062500238418579
320	0.49950000643730164
321	0.5082499980926514
322	0.5083749890327454
323	0.5017499923706055
324	0.5037500262260437
325	0.5074999928474426
326	0.5011249780654907
327	0.5046250224113464
328	0.5074999928474426
329	0.5055000185966492
330	0.5077499747276306
331	0.5076249837875366
332	0.5092499852180481
333	0.5143749713897705
334	0.5084999799728394
335	0.5118749737739563
336	0.5083749890327454
337	0.5093749761581421
338	0.5027499794960022
339	0.5168750286102295
340	0.5149999856948853
341	0.5099999904632568
342	0.5062500238418579
343	0.5138750076293945
344	0.5102499723434448
345	0.5167499780654907
346	0.5049999952316284
347	0.5137500166893005
348	0.5083749890327454
349	0.5027499794960022
350	0.5139999985694885
351	0.515375018119812
352	0.5133749842643738
353	0.5166249871253967
354	0.5111250281333923
355	0.5122500061988831
356	0.518625020980835
357	0.5066249966621399
358	0.5164999961853027
359	0.5117499828338623
360	0.5148749947547913
361	0.5210000276565552
362	0.515375018119812
363	0.5172500014305115
364	0.5146250128746033
365	0.5206249952316284
366	0.5130000114440918
367	0.5177500247955322
368	0.5235000252723694
369	0.512624979019165
370	0.5168750286102295
371	0.5161250233650208
372	0.515749990940094
373	0.5132499933242798
374	0.5195000171661377
375	0.5161250233650208
376	0.5166249871253967
377	0.5184999704360962
378	0.5166249871253967
379	0.5205000042915344
380	0.5166249871253967
381	0.5162500143051147
382	0.5254999995231628
383	0.5220000147819519
384	0.5178750157356262
385	0.518750011920929
386	0.518750011920929
387	0.5128750205039978
388	0.5208749771118164
389	0.5283750295639038
390	0.5210000276565552
391	0.5057500004768372
392	0.515250027179718
393	0.5245000123977661
394	0.5232499837875366
395	0.5276250243186951
396	0.5213750004768372
397	0.518875002861023
398	0.5167499780654907
399	0.5243750214576721
400	0.5180000066757202
401	0.5297499895095825
402	0.5321249961853027
403	0.5174999833106995
404	0.5201249718666077
405	0.5292500257492065
406	0.5273749828338623
407	0.5270000100135803
408	0.5232499837875366
409	0.5239999890327454
410	0.5231249928474426
411	0.5189999938011169
412	0.5278750061988831
413	0.5261250138282776
414	0.5235000252723694
415	0.5289999842643738
416	0.5351250171661377
417	0.5295000076293945
418	0.528124988079071
419	0.5346249938011169
420	0.5322499871253967
421	0.5291249752044678
422	0.5262500047683716
423	0.5249999761581421
424	0.5321249961853027
425	0.5253750085830688
426	0.5303750038146973
427	0.5256249904632568
428	0.5362499952316284
429	0.5260000228881836
430	0.5346249938011169
431	0.5360000133514404
432	0.5307499766349792
433	0.5407500267028809
434	0.5288749933242798
435	0.5333750247955322
436	0.5323749780654907
437	0.5386250019073486
438	0.5379999876022339
439	0.5351250171661377
440	0.534500002861023
441	0.5271250009536743
442	0.5257499814033508
443	0.5353749990463257
444	0.5401250123977661
445	0.5318750143051147
446	0.5412499904632568
447	0.5358750224113464
448	0.5302500128746033
449	0.5451250076293945
450	0.534375011920929
451	0.5367500185966492
452	0.5332499742507935
453	0.5387499928474426
454	0.53125
455	0.5318750143051147
456	0.5372499823570251
457	0.5396249890327454
458	0.5327500104904175
459	0.5354999899864197
460	0.5410000085830688
461	0.5416250228881836
462	0.5389999747276306
463	0.5414999723434448
464	0.5336250066757202
465	0.5411249995231628
466	0.5400000214576721
467	0.5357499718666077
468	0.5386250019073486
469	0.5398749709129333
470	0.5509999990463257
471	0.5427500009536743
472	0.5372499823570251
473	0.5428749918937683
474	0.5461249947547913
475	0.5419999957084656
476	0.5440000295639038
477	0.5497499704360962
478	0.5406249761581421
479	0.5373749732971191
480	0.5404999852180481
481	0.5509999990463257
482	0.5441250205039978
483	0.5383750200271606
484	0.5446249842643738
485	0.5427500009536743
486	0.5463749766349792
487	0.5325000286102295
488	0.5417500138282776
489	0.5458750128746033
490	0.5338749885559082
491	0.5487499833106995
492	0.5440000295639038
493	0.5494999885559082
494	0.5481250286102295
495	0.5429999828338623
496	0.546750009059906
497	0.547249972820282
498	0.543749988079071
499	0.5458750128746033
500	0.5407500267028809
501	0.5504999756813049
502	0.5508750081062317
503	0.5575000047683716
504	0.5492500066757202
505	0.5460000038146973
506	0.5537499785423279
507	0.5450000166893005
508	0.5482500195503235
509	0.5488749742507935
510	0.5416250228881836
511	0.5546249747276306
